v1 = [-3, 0, 4]; v2 = [5, -1, 2]; v3 = [1, 1, 3];
det([v1;v2;v3])