u = [3, -2, 4, 1, 3, 7];
i = [1,0,0,0,0,0];
j = [0,1,0,0,0,0];
k = [0,0,1,0,0,0];
l = [0,0,0,1,0,0];
m = [0,0,0,0,1,0];
n = [0,0,0,0,0,1];

u
result = 3*i+(-2*j)+4*k+1*l+3*m+7*n