v1 = [1, 2, 3]; v2 = [2, 0, 0]; v3 = [-2, 1, 3];
r1 = det([v1; v2; v3])
v4 = [2, -1, 2]; v5 = [4, 1, 3]; v6 = [2, 2, 1];
r2 = det([v4; v5; v6])